$ANSIBLE_VAULT;1.1;AES256
33613339346232623739623732663534663762303964653634316663613830613162373534333664
6462363961366330326533373034626532633063663437300a663737653035343666636632346536
64663931613938343761666266353432363732666631663732663131346533633836373935393138
6336643865306333350a326135386637653439393864366466366431626337383064336636303136
61326536333064646666623365613236303233623931376562363265643562623965663830393561
64326230643131663036653535326266633435393231613339663563363638383833353439646130
62613561393539343637373538323162376439346234643639343130386430666164633261386135
66616666373939343361336161353764366332376139356264373035343130303462323037333166
31363161646661666261353833323466336238613932373637383832326239316466316534343866
62393133346439636461313566313435313636366632633138623839633036633264303364386232
61306438376664303731396336613862663564326632366661656530653863376463663165383036
34653938323133333137376237356335356638313036383139336636613635386237333162313865
34623938303138336563356530306339303831653066663233656561366135326130313438326562
30393538626430653636633264643463326563386430396532303764346536396332366537343836
32313638396261363632636534623136393639376436336239383733356563633337646566373464
31343332383662613635613238373663393234306163303765386138313232663833663465653233
33653635623433376636613537663766393139353038363339303130303138333632333031373135
33613263653234303734396263363532643330666539666531306236633839356165653931356261
62323963646533336562353061346463383963656561313964643462653330636532663138623164
37386563643264363866333561393132386462346530393237616431333562336366633461643366
64396538626666646539363233393731386465363832303235623136613936313335633134313737
64653662383637616665303936666334323364633734643839366261346164356331323566636664
32346466616331633764366133643839373735626130343462336231373165346436386338313361
36376632613063663238346630323666643261396234313862366466386234303332656136373531
6434
